11 1
19 1
42 2
16 1
63 3
14 1
11 1
83 4
63 3
11 1
13 1
17 1
92 4
86 2
61 3
74 3
17 1
60 3
75 3
43 2
17 1
60 3
31 2
31 2
85 4
86 4
44 2
62 3
73 3
16 1
88 4
34 2
82 4
18 1
89 4
13 1
45 2
69 3
72 3
14 1
41 2
17 1
95 4
37 2
73 3
67 3
10 1
11 1
12 1
12 1
14 1
16 1
19 1
82 4
32 2
33 2
90 4
62 3
84 4
62 3
13 4
10 3
68 3
18 3
95 4
15 1
88 4
45 2
90 4
62 3
69 3
64 3
67 3
69 3
37 2
37 2
15 2
70 3
66 4
11 1
16 1
70 3
16 1
91 4
40 2
80 4
43 2
38 4
11 1
11 1
87 4
81 4
14 1
32 2
75 3
75 3
16 1
61 3
90 4
31 2
65 3
83 4
81 4
61 3
40 2
81 4
70 2
34 2
19 1
10 1
18 1
12 1
64 3
68 3
44 2
92 4
89 4
67 3
94 4
93 4
86 4
71 3
18 1
35 2
71 3
18 1
35 2
74 3
69 3
93 3
63 3
39 2
17 1
67 3
33 2
16 1
94 2
62 3
35 2
15 1
44 2
33 2
95 4
66 3
14 1
75 3
11 1
90 4
41 2
63 3
35 2
68 3
19 1
34 2
38 2
42 1
35 2
41 2
87 4
95 4
83 4
86 4
12 1
64 3
89 4
39 2
91 4
64 3
31 2
36 2
64 3
90 4
74 3
63 3
82 4
63 3
81 1
37 2
17 1
91 4
12 1
61 3
11 1
91 4
61 3
62 3
37 2
68 3
66 3
67 3
83 4
82 4
75 3
72 1
43 2
67 3
32 2
35 2
10 1
34 2
75 3
62 3
75 3
11 1
12 3
75 3
81 4
63 3
92 4
17 1
84 4
39 2
60 3
34 2
66 3
91 4
89 4
39 2
14 1
15 2
93 4
87 4
15 1
38 2
11 1
68 3
18 1
81 4
88 4
19 1
82 2
94 4
10 1
64 3
81 4
72 3
83 4
72 3
74 3
18 1
38 2
34 2
11 1
45 2
30 2
13 1
38 2
19 1
80 4
66 3
13 1
10 1
45 2
75 3
41 2
42 2
35 2
39 4
32 2
74 3
35 2
33 2
72 4
65 3
14 1
45 2
16 4
87 4
70 3
89 4
32 2
30 2
37 2
86 4
69 3
87 4
75 3
42 2
74 3
35 2
11 2
35 1
69 3
38 2
88 4
93 4
60 3
13 1
17 1
68 3
87 4
37 2
15 1
35 2
18 1
63 3
40 2
16 1
81 4
65 3
43 2
93 4
19 1
16 1
66 3
65 3
34 2
11 1
35 2
42 2
14 1
85 2
87 4
84 4
66 3
72 3
69 3
69 3
83 4
81 4
85 4
15 1
30 2
10 1
74 3
71 3
63 3
63 3
17 3
41 2
80 4
83 4
34 2
82 4
85 4
64 3
16 1
43 2
92 4
42 2
87 4
80 4
15 1
66 3
62 4
82 4
80 4
15 1
17 1
32 2
62 3
68 4
84 4
60 3
36 2
62 3
73 3
65 3
11 1
16 1
72 3
30 4
61 3
71 4
86 3
34 2
90 4
89 4
90 4
87 4
43 2
44 2
19 1
33 2
63 3
93 4
19 1
45 2
35 2
60 3
18 1
66 3
15 1
93 4
40 2
11 1
37 2
17 1
64 3
40 2
18 1
69 3
19 1
19 1
90 4
94 3
66 3
15 1
34 2
16 1
39 2
43 2
16 1
66 1
63 3
80 4
80 4
66 3
43 2
44 2
18 1
67 4
31 2
86 4
19 1
37 2
73 3
41 2
63 3
11 1
90 4
15 1
41 2
84 4
93 4
71 3
95 4
80 4
69 1
12 4
91 4
30 2
15 1
71 3
63 3
17 1
87 4
63 4
42 2
83 4
17 1
86 4
75 3
85 4
12 2
34 1
12 1
13 1
73 3
10 1
95 4
86 4
81 4
72 3
64 3
65 3
17 1
41 2
32 4
60 3
89 4
13 1
87 4
89 4
35 2
19 1
89 4
82 4
10 2
95 4
42 2
65 3
16 1
64 3
71 3
13 1
67 3
69 3
68 3
87 4
80 4
16 1
62 3
89 4
63 4
39 2
17 1
13 2
95 4
72 3
18 1
45 4
71 3
71 3
80 4
68 3
90 4
64 3
67 3
75 3
91 4
40 2
92 4
69 3
44 2
10 1
11 1
70 3
31 2
18 1
38 2
34 2
70 3
93 4
93 4
30 2
16 1
12 1
69 3
66 3
64 3
89 4
93 4
11 1
10 1
86 4
71 3
64 3
95 4
41 2
93 4
64 3
92 4
82 1
36 2
35 2
10 1
81 4
39 2
88 4
94 4
94 2
73 3
84 4
12 1
94 4
64 3
30 2
37 2
17 1
38 2
38 2
86 4
16 1
19 1
36 2
18 1
18 1
40 2
13 1
31 2
70 3
73 3
81 4
30 2
11 1
38 4
61 3
74 3
43 2
86 4
63 3
35 2
15 1
11 1
60 3
66 3
16 1
17 1
19 1
32 2
69 2
19 1
65 3
94 4
68 3
88 4
92 4
30 2
71 3
41 2
30 2
94 4
64 3
11 1
71 3
73 3
84 4
93 4
17 1
34 2
81 4
35 2
37 2
32 2
10 1
67 3
16 1
18 1
42 2
10 1
66 3
62 2
33 2
18 1
15 1
39 2
67 3
41 2
16 1
41 2
94 3
64 3
33 2
74 3
11 1
45 2
41 2
13 1
94 4
81 4
61 3
37 2
15 1
13 1
80 4
13 1
15 1
16 1
43 2
12 1
30 2
60 3
71 2
67 3
93 4
62 3
38 2
43 2
34 2
30 2
83 4
10 2
91 4
13 4
17 1
81 4
73 3
12 1
44 2
88 2
34 2
68 3
16 1
66 3
90 4
30 2
12 1
42 2
17 1
67 3
89 4
82 2
72 3
73 3
10 1
38 2
68 3
89 4
91 4
69 3
13 1
32 2
65 3
88 4
13 1
14 1
19 1
64 3
34 4
45 2
43 2
38 2
86 4
17 1
73 3
90 4
14 1
45 2
81 3
40 2
68 3
84 4
38 4
36 2
84 4
90 4
85 4
92 4
41 2
39 4
71 3
73 3
43 1
34 2
90 1
82 4
94 2
38 2
12 1
42 2
31 2
71 3
42 2
12 1
87 4
19 1
81 4
75 3
32 2
32 2
93 4
13 1
86 4
61 3
10 1
71 3
72 3
17 1
12 1
68 3
91 4
66 3
64 3
80 4
68 3
45 2
32 2
61 3
60 3
30 2
32 2
95 2
71 3
69 3
41 1
70 3
60 3
10 1
90 4
41 2
93 4
75 3
32 2
87 3
61 3
63 3
10 1
43 2
32 2
91 4
70 3
45 2
38 2
67 3
75 3
84 4
73 3
14 1
90 4
42 2
95 4
89 4
83 4
84 4
36 2
45 2
15 1
94 4
33 2
13 1
30 2
34 1
75 3
35 2
62 3
30 2
36 2
64 3
87 4
31 1
85 4
44 2
95 2
18 1
82 4
18 2
38 2
64 3
35 2
61 3
44 2
17 2
60 3
86 4
89 4
83 4
80 4
66 3
45 2
60 3
42 2
12 1
92 4
95 4
17 1
14 1
88 4
84 4
60 3
34 2
45 3
35 2
64 3
19 1
12 1
14 1
66 1
73 3
85 4
12 1
43 2
14 1
64 3
14 1
10 1
70 3
69 3
75 3
82 4
90 4
91 4
91 4
86 4
12 1
43 2
74 3
68 3
70 1
12 4
63 3
70 3
14 1
91 4
18 1
89 4
40 2
32 2
83 4
13 1
14 1
11 1
31 2
10 1
18 1
81 4
69 3
32 2
13 1
14 1
11 1
45 2
82 1
82 4
84 4
89 4
39 2
18 1
17 1
75 3
82 4
85 4
34 2
85 4
33 3
15 2
62 3
44 2
32 4
84 1
39 2
17 1
81 4
68 3
82 4
85 4
19 1
14 1
36 2
71 2
91 4
35 2
38 2
70 3
80 4
41 2
15 1
32 2
67 3
45 2
11 1
10 1
14 1
72 3
33 2
30 1
37 2
14 1
91 4
17 1
66 3
60 2
31 2
87 4
73 3
65 3
85 4
90 4
12 1
63 2
11 1
89 4
74 3
18 3
66 4
36 2
92 4
67 3
68 3
35 2
66 3
89 4
85 4
92 4
94 4
84 3
12 1
11 1
72 3
81 4
12 1
69 3
92 4
69 3
11 1
66 3
19 1
74 3
36 2
83 1
83 4
42 2
81 4
13 1
11 1
89 4
17 1
61 2
13 1
41 2
65 3
16 1
87 2
90 4
32 3
14 1
60 1
16 1
81 4
71 3
30 3
68 3
11 1
34 2
95 4
85 4
67 3
17 1
63 3
14 1
62 3
88 3
15 1
84 4
32 2
36 2
74 1
72 4
91 4
92 4
70 3
32 2
65 3
17 1
30 2
62 3
84 4
93 4
92 1
91 4
15 1
81 4
68 1
72 3
85 4
73 3
63 3
18 1
85 4
33 2
75 3
88 4
89 4
19 1
75 3
36 2
63 3
34 3
44 2
36 2
31 2
80 4
40 2
60 3
95 4
45 2
30 2
91 4
31 2
30 2
11 1
40 2
93 4
19 1
69 1
94 4
65 3
19 1
10 1
17 2
93 4
37 2
11 1
19 1
11 1
17 1
36 2
12 1
10 1
44 2
91 4
32 2
61 3
68 3
67 3
60 3
68 3
89 4
18 1
73 3
80 4
67 3
86 4
12 1
89 4
42 2
12 1
68 3
81 4
17 1
17 1
13 1
10 1
84 4
35 2
90 4
91 4
43 2
69 3
74 3
71 3
44 2
17 1
34 2
87 4
18 1
68 3
40 4
11 1
19 1
65 3
35 2
38 2
68 3
11 1
15 1
72 3
80 4
44 2
36 2
14 1
68 3
92 4
94 3
61 3
80 4
90 4
35 3
69 3
89 1
43 2
86 4
92 4
72 3
62 1
42 2
43 2
19 1
16 1
87 4
69 3
64 3
63 3
67 3
82 4
84 4
71 3
43 2
41 2
72 3
84 4
33 2
38 2
44 3
41 2
83 2
71 3
82 4
44 2
69 3
72 3
16 1
66 3
38 2
95 4
36 2
87 4
37 2
45 2
35 2
75 3
67 3
94 4
36 2
86 4
10 1
82 4
61 3
16 1
13 1
16 1
30 2
90 4
67 1
94 4
80 4
85 3
87 4
73 3
62 3
93 4
69 3
12 1
81 4
14 1
92 4
13 1
61 3
16 1
37 2
17 1
71 3
42 2
33 2
37 2
84 4
39 2
73 3
74 3
35 2
30 2
19 1
93 4
14 1
88 4
61 3
68 3
91 4
30 2
16 1
94 4
61 3
91 4
62 3
71 3
33 2
13 1
72 3
80 4
32 2
87 4
37 2
17 4
70 3
87 4
74 3
84 4
85 4
80 4
11 1
66 3
43 2
45 2
63 3
68 3
85 4
12 1
13 1
60 3
15 1
10 1
14 1
66 3
10 1
35 2
85 4
68 3
60 4
94 4
14 1
13 1
75 3
10 1
83 4
60 3
31 2
89 4
73 3
95 4
11 4
87 4
91 4
91 4
11 1
13 3
85 4
88 4
12 3
33 2
33 2
38 2
69 3
35 2
68 3
86 4
17 1
89 2
61 3
38 2
11 1
17 1
66 3
83 4
95 4
86 4
18 1
90 2
11 1
66 3
91 4
19 1
45 2
34 2
45 2
34 2
68 3
36 2
10 1
60 3
71 3
34 2
69 3
73 3
11 1
10 1
15 2
19 1
85 4
33 2
63 3
12 1
73 3
89 4
30 3
17 1
19 1
90 4
33 2
10 1
13 1
10 4
84 4
71 3
70 1
93 4
94 4
60 1
36 2
10 1
67 3
64 3
42 3
10 1
40 2
71 3
33 2
15 2
32 2
69 1
91 4
70 3
84 4
19 1
11 1
68 3
69 3
34 2
35 2
81 4
39 2
35 2
73 3
36 2
18 1
71 4
89 4
86 4
12 1
45 2
12 2
62 3
45 3
41 4
71 3
67 3
93 4
95 4
37 2
86 4
69 3
36 2
91 4
37 2
81 4
69 3
30 2
94 2
69 3
44 2
45 2
30 2
36 2
38 2
92 3
88 4
94 4
74 3
32 2
17 1
93 4
18 1
44 2
44 2
71 3
62 3
36 2
91 4
45 2
62 3
31 2
67 3
66 3
39 2
38 2
40 2
83 4
87 4
10 1
18 1
43 2
67 4
15 1
43 2
31 2
40 2
16 1
34 2
89 4
10 1
66 3
43 2
18 1
37 2
17 1
88 4
42 2
11 1
32 2
95 4
69 3
63 3
14 1
90 4
12 1
16 1
34 2
34 2
60 3
66 3
12 1
34 2
38 2
30 2
72 3
11 4
64 3
15 1
13 1
35 2
93 2
69 3
14 1
14 1
15 1
30 2
38 2
60 3
61 3
33 3
34 2
92 4
35 2
12 1
94 4
88 4
65 3
80 4
42 2
81 4
71 3
17 1
63 3
10 1
31 2
43 2
12 1
42 2
16 1
35 2
65 3
86 4
83 4
60 3
95 4
38 2
45 2
16 1
81 4
41 2
83 4
89 4
14 1
10 2
86 4
42 2
44 2
17 1
37 2
60 3
41 2
74 3
42 4
14 1
83 2
11 1
89 4
85 4
44 2
45 2
38 2
10 1
86 4
91 4
61 3
38 2
33 2
13 1
14 1
33 3
62 3
67 3
63 3
36 2
30 2
75 2
14 1
15 1
19 1
74 3
65 3
18 1
93 4
86 4
93 4
85 4
72 3
64 3
68 3
85 4
31 2
13 1
87 4
14 1
17 1
91 4
35 2
14 1
33 2
17 1
37 1
74 3
88 4
34 2
87 4
75 3
71 3
42 2
16 1
13 1
33 2
68 1
60 3
19 1
93 4
87 3
93 4
75 1
73 3
81 4
14 1
44 2
14 1
80 1
84 4
70 3
42 2
30 2
73 3
67 3
15 1
42 2
41 2
80 4
82 4
72 3
87 4
67 3
85 4
12 1
71 3
14 1
19 1
84 4
17 1
12 1
18 1
69 2
40 2
15 3
15 1
12 1
71 3
31 2
32 2
75 3
89 4
12 1
30 2
44 3
88 4
33 2
12 1
11 1
45 2
12 1
10 1
81 4
87 4
65 3
10 1
89 4
95 3
32 2
11 1
41 2
88 4
71 2
80 4
68 3
18 1
64 3
63 3
70 1
19 1
71 3
80 4
17 1
14 1
43 2
87 1
44 2
95 4
42 2
36 2
86 4
91 4
83 4
13 1
18 1
19 1
16 1
16 1
17 1
33 2
72 3
30 2
11 1
14 1
66 3
18 1
91 4
68 3
18 1
19 1
63 3
75 3
64 3
81 4
83 4
93 4
87 4
60 3
66 3
37 2
74 3
44 2
33 2
75 3
87 2
45 2
17 1
72 3
67 3
89 4
16 1
16 1
31 2
37 4
83 4
89 1
35 2
11 1
83 4
92 4
11 3
38 2
41 2
31 2
43 2
13 1
32 2
81 4
14 1
17 1
65 2
60 3
71 3
42 2
42 2
74 3
91 4
93 4
13 1
13 1
40 2
63 3
42 2
11 1
69 3
31 2
32 2
35 2
66 2
31 2
32 2
87 4
16 1
31 2
13 1
93 4
40 2
90 4
16 1
43 2
34 2
35 2
75 3
15 1
94 4
44 2
42 2
32 2
65 3
82 4
65 2
16 1
32 2
63 3
73 3
16 1
90 4
19 1
83 4
18 1
70 3
18 1
42 1
39 2
11 1
72 3
12 1
85 4
74 4
19 1
11 1
34 2
94 4
63 3
18 1
81 4
61 3
82 4
93 4
38 2
74 3
67 3
38 2
89 4
30 2
84 4
33 2
12 1
83 4
33 2
11 1
74 3
35 2
75 3
60 3
43 2
11 1
14 1
14 1
45 2
67 3
95 4
70 3
68 3
89 4
70 3
39 2
94 4
92 4
12 1
33 2
69 3
18 1
10 1
40 4
94 4
17 1
93 4
31 2
95 4
89 4
94 4
45 2
16 1
37 2
65 3
40 2
43 2
68 3
37 2
69 3
70 3
87 4
65 3
33 4
65 3
17 1
40 2
12 1
91 4
12 1
92 4
39 2
36 2
80 4
85 4
82 4
62 3
85 4
88 4
89 1
82 4
16 1
38 2
17 1
64 3
34 2
42 2
16 1
14 1
61 3
61 3
32 2
13 1
85 4
12 1
69 3
40 1
10 1
87 4
75 3
11 1
71 3
30 2
13 1
11 1
68 3
19 1
75 3
68 3
13 3
61 3
68 3
19 1
92 4
64 3
10 1
74 3
69 1
62 3
10 1
19 1
17 1
95 4
80 4
12 1
81 4
91 4
13 1
11 1
11 3
85 4
65 3
39 2
87 4
17 4
69 3
33 3
73 3
19 1
81 4
31 2
45 2
90 4
33 2
12 1
70 3
64 3
12 1
15 1
10 1
42 2
14 1
14 1
83 4
10 1
92 4
16 1
10 1
42 1
67 3
93 4
71 3
19 1
13 1
87 4
93 3
33 2
61 3
18 1
43 2
85 4
16 1
83 4
37 2
42 2
91 3
37 2
89 4
87 4
81 4
67 3
86 4
69 3
85 4
62 1
72 3
60 3
90 4
83 4
13 1
31 2
88 4
19 1
42 3
14 1
87 4
87 4
11 1
80 4
90 4
93 4
70 3
83 4
15 1
38 2
60 3
11 1
66 3
12 1
89 4
11 1
12 1
64 3
68 3
69 2
64 3
11 3
12 1
65 3
31 3
65 3
45 2
94 4
12 1
17 1
16 1
18 1
90 4
65 3
83 1
60 3
36 2
67 3
34 2
15 1
31 2
83 4
15 4
45 2
10 1
18 4
18 1
12 1
32 2
69 3
91 4
13 1
33 2
66 3
40 2
13 1
84 4
17 3
45 2
86 4
36 2
91 3
44 1
11 1
86 4
10 2
43 2
15 1
44 2
12 1
34 1
19 1
95 1
64 3
68 3
44 2
72 3
88 2
16 1
31 4
74 3
93 4
84 4
61 3
15 1
94 4
66 3
40 2
80 4
32 2
43 2
63 3
67 3
33 2
17 1
71 3
85 4
32 2
81 4
31 2
64 1
72 3
91 4
38 2
84 4
43 2
12 1
14 1
80 1
38 2
10 1
41 2
82 4
45 2
75 3
93 4
17 1
73 3
88 4
13 1
19 1
15 1
39 2
13 1
31 2
83 4
11 1
67 3
84 4
72 3
19 1
81 4
30 1
10 1
10 1
93 4
93 4
73 3
35 2
84 4
19 1
10 1
19 1
19 1
69 3
10 1
44 2
36 2
67 3
69 3
67 3
11 1
75 3
65 3
66 3
92 4
91 4
17 1
74 3
13 1
95 1
74 3
74 3
45 3
12 1
11 1
19 1
38 2
83 4
14 4
93 4
41 2
82 4
75 3
17 1
36 2
45 2
10 1
95 4
11 1
15 1
67 3
80 4
66 3
10 1
12 2
42 2
10 1
31 2
87 4
12 1
19 1
34 2
93 4
87 4
91 4
13 1
32 2
90 4
94 4
74 3
11 1
41 2
11 1
38 2
67 3
37 2
67 2
12 1
38 2
81 1
45 2
42 2
12 1
14 1
64 3
73 1
19 1
40 2
80 4
30 2
45 2
73 2
45 2
19 1
85 4
12 1
45 2
36 2
41 2
60 3
91 4
45 2
86 4
33 2
94 4
17 4
73 3
41 1
75 3
91 4
66 3
71 3
71 3
15 1
44 1
33 2
19 1
37 4
61 3
15 1
84 4
94 4
86 4
12 1
93 4
91 4
33 2
40 2
15 1
88 4
17 1
33 2
92 4
61 3
38 2
73 3
15 1
89 4
85 4
64 3
34 2
90 4
65 3
90 4
71 3
18 1
89 4
14 3
84 2
43 2
89 4
18 1
17 1
16 1
70 3
80 4
45 2
35 2
36 2
44 2
13 1
68 3
44 2
95 4
86 3
93 4
87 4
18 1
87 4
91 4
69 3
10 1
93 4
15 4
31 2
81 4
45 2
75 3
16 2
68 3
88 4
34 2
66 3
62 3
74 3
35 2
12 1
67 3
87 4
19 4
74 3
91 4
42 2
95 4
30 2
37 2
64 3
43 2
10 1
18 1
70 3
43 2
34 2
15 1
13 4
74 3
15 1
37 3
13 1
14 1
94 4
10 1
13 1
69 3
42 2
16 2
84 3
39 2
18 2
45 2
65 3
19 1
83 3
87 4
86 4
70 3
14 1
64 3
80 4
71 3
14 1
94 4
13 1
74 3
94 4
70 3
14 1
71 2
65 3
84 4
11 1
63 3
41 2
40 2
90 4
12 1
70 3
61 3
41 2
11 1
18 1
12 1
10 1
67 3
13 1
93 4
69 4
60 3
11 1
69 3
15 1
71 3
42 1
61 3
90 4
67 3
67 3
45 2
61 3
94 4
66 3
67 3
70 3
75 3
13 1
10 1
72 3
34 2
67 3
10 1
64 3
33 3
93 4
10 1
67 3
31 2
63 3
60 3
30 2
86 4
44 2
41 2
44 2
17 1
40 2
14 1
32 2
80 4
62 3
44 2
93 4
85 4
10 1
72 1
44 2
73 3
30 2
17 1
18 1
67 3
18 1
83 4
18 1
92 2
88 1
91 4
93 4
10 1
85 4
67 3
88 4
17 1
70 1
91 4
13 1
86 4
44 2
19 3
84 4
61 3
14 1
13 1
39 2
71 3
36 2
16 1
63 3
86 4
12 1
69 3
13 4
44 1
87 1
18 1
11 1
33 2
15 1
72 3
32 2
12 1
74 3
31 2
73 3
11 1
16 1
31 2
89 4
90 4
86 4
33 2
18 1
95 4
35 2
62 3
13 1
32 2
42 2
16 1
41 2
86 4
88 1
83 4
41 2
92 4
11 1
68 3
81 4
45 2
16 3
83 4
94 4
82 4
12 1
33 1
14 4
39 2
32 2
31 2
94 3
11 1
61 2
16 1
61 3
84 4
15 1
40 2
84 4
43 2
42 2
14 1
43 2
87 4
62 3
30 2
17 1
68 2
16 1
18 4
40 2
95 4
67 3
30 2
92 4
31 2
35 2
45 2
45 2
87 4
69 3
35 1
81 4
38 2
38 2
91 4
64 3
67 3
13 1
19 1
65 3
83 4
45 2
18 1
19 1
30 2
10 1
93 4
18 2
44 2
63 3
72 3
92 4
71 3
62 3
95 4
44 2
74 3
85 3
13 1
38 2
91 4
69 3
90 4
30 2
45 2
12 1
86 4
66 3
12 1
17 1
11 1
93 4
87 4
74 3
64 3
87 4
11 4
83 4
85 4
12 1
10 1
31 2
94 1
37 2
31 2
86 4
11 1
10 1
90 4
85 4
16 1
60 3
75 3
42 2
85 4
65 3
19 1
80 4
31 2
81 3
15 1
71 3
82 4
11 1
85 4
67 3
95 4
86 4
86 4
10 1
37 2
17 1
18 1
83 4
33 2
37 2
36 2
95 4
36 2
39 2
69 3
87 4
61 3
15 1
17 1
63 3
30 2
91 4
81 2
62 3
81 1
32 2
64 3
30 2
83 4
88 4
81 4
15 1
41 2
70 1
69 3
15 1
43 2
44 2
71 3
17 1
17 1
70 3
95 4
10 1
89 4
13 1
70 3
70 3
82 4
73 3
19 1
81 4
38 1
62 3
61 3
94 4
18 1
82 4
86 4
75 3
86 4
19 1
93 4
87 4
81 4
64 3
10 1
10 1
42 2
17 1
94 4
75 3
17 3
67 3
81 4
81 4
91 4
33 2
70 3
62 3
10 1
10 1
33 2
66 3
30 2
42 2
30 2
85 4
92 4
67 3
74 3
95 4
72 3
95 4
64 3
89 4
35 4
68 3
74 3
19 1
12 1
68 3
66 3
67 3
81 4
17 1
35 2
35 2
36 2
95 4
80 4
17 1
18 1
32 2
16 1
64 3
94 4
19 3
16 1
13 1
75 3
10 1
38 2
18 1
13 1
75 3
13 4
18 1
60 4
68 3
10 1
33 2
11 1
61 3
68 3
34 4
80 4
69 3
83 4
16 1
87 4
34 2
30 2
93 4
41 2
87 4
66 3
87 4
89 4
65 3
61 3
40 2
73 3
19 3
70 3
37 4
70 3
32 2
66 3
81 4
40 2
11 1
18 1
45 2
16 1
37 2
69 3
81 2
70 3
69 3
90 4
65 3
37 2
34 2
93 4
19 1
72 2
70 3
94 4
90 4
70 3
88 4
61 3
35 2
85 4
74 3
81 4
80 4
13 1
37 3
82 2
75 3
64 3
34 2
11 1
80 4
16 1
16 1
15 1
87 4
17 1
37 2
31 2
66 3
86 4
12 1
80 4
81 4
93 4
94 4
34 2
15 1
62 3
10 1
12 1
91 4
95 4
35 2
13 1
90 4
14 1
34 2
17 1
35 2
63 3
95 4
81 4
11 1
65 3
41 2
74 4
82 4
83 4
60 3
12 1
64 3
41 2
30 2
14 1
68 3
90 4
69 3
91 4
87 4
85 4
67 3
72 3
11 1
34 2
37 2
61 3
38 2
19 3
89 4
44 2
83 4
72 3
94 4
19 1
30 2
12 1
13 1
18 1
81 4
43 2
84 4
17 1
44 2
65 3
88 1
75 3
64 4
11 1
12 4
93 4
81 4
61 3
41 2
34 2
45 2
11 1
82 4
31 2
84 4
64 3
93 4
32 1
38 2
37 2
38 2
18 1
81 4
42 2
43 2
82 4
19 1
85 4
71 3
11 1
92 4
82 4
41 2
40 2
66 3
91 4
17 1
12 1
90 3
61 3
31 2
39 4
81 4
11 1
42 2
86 4
69 4
89 4
18 1
37 2
34 2
12 1
30 2
87 4
94 4
74 3
10 1
33 2
86 4
63 3
73 4
93 4
11 1
60 3
32 4
88 4
70 3
80 4
18 1
44 3
72 2
36 2
12 1
43 2
95 4
33 2
92 4
38 4
10 1
61 3
38 2
35 2
45 2
88 4
40 2
80 4
18 1
40 2
73 4
63 3
38 2
91 4
14 1
38 2
18 1
85 4
94 4
84 4
63 3
44 4
36 2
82 4
10 1
80 3
75 4
10 1
90 2
38 2
63 3
70 3
61 3
70 3
19 1
42 2
65 3
95 4
34 2
60 3
40 2
93 4
18 1
31 2
15 1
65 3
87 4
41 2
61 3
11 1
16 1
34 2
19 1
89 4
12 1
36 2
82 4
74 3
18 1
30 2
73 3
94 4
16 1
66 3
83 4
35 2
72 3
70 3
66 3
86 4
86 1
82 4
73 3
87 4
30 2
14 1
40 2
40 2
68 3
70 3
91 4
11 1
80 4
61 3
11 1
70 3
67 3
14 1
71 3
19 1
42 2
72 3
17 3
38 2
38 2
19 1
36 2
42 2
89 4
43 2
60 3
11 1
41 2
91 4
81 4
61 3
18 1
31 2
84 4
14 1
64 1
84 4
66 3
11 1
40 2
11 1
86 4
85 4
63 3
19 1
60 3
74 3
32 2
11 4
84 4
75 4
19 1
81 4
16 1
30 2
38 2
35 3
17 1
88 4
35 2
66 3
31 2
91 4
11 1
38 2
30 4
13 1
35 2
13 1
67 3
80 4
16 1
67 3
70 3
33 2
67 3
45 2
36 2
17 1
87 4
64 3
19 1
42 3
72 3
10 1
10 1
71 3
66 3
89 4
65 1
91 4
91 4
33 2
82 4
71 3
35 2
45 2
83 4
30 2
92 4
42 2
66 3
61 3
86 4
19 1
80 4
44 2
64 3
36 2
14 2
91 2
91 4
11 1
88 4
45 2
39 2
62 3
70 3
15 1
36 2
85 4
11 1
39 2
31 2
19 1
19 1
36 2
62 3
32 2
94 4
86 4
73 3
62 3
11 1
69 4
15 3
94 4
65 3
82 4
81 4
17 1
34 2
17 1
19 1
44 2
45 2
30 3
63 3
60 3
45 3
18 1
18 1
73 3
81 4
82 4
45 2
10 1
41 2
88 4
60 3
86 4
16 1
93 4
69 3
75 3
32 2
12 1
65 3
13 1
70 3
71 3
35 2
70 3
19 1
63 1
14 1
86 4
11 1
87 4
72 3
83 4
73 3
14 3
95 4
32 3
80 3
72 3
81 1
62 3
74 3
41 2
13 1
94 4
64 3
69 3
82 4
72 3
71 3
42 2
71 3
60 3
14 1
37 2
10 1
67 3
38 2
37 2
89 4
95 4
92 4
31 2
83 4
12 2
72 3
61 3
15 1
89 4
45 2
38 2
91 1
30 2
35 2
73 3
65 3
31 4
85 4
84 4
39 2
41 2
91 1
42 2
66 3
18 1
93 4
63 3
75 3
86 4
85 4
31 2
30 2
31 2
41 2
14 2
81 4
91 3
19 1
64 3
36 2
74 3
70 3
91 4
12 1
31 2
16 1
69 3
88 4
11 1
17 1
81 4
80 4
32 2
39 2
85 4
39 2
15 1
16 1
69 3
15 1
14 1
94 4
40 2
15 4
37 2
44 2
65 3
93 4
89 4
65 3
32 2
35 2
93 4
34 2
70 3
65 3
86 4
75 3
40 3
10 1
11 1
10 1
38 2
66 3
81 4
81 4
87 4
68 3
62 4
95 2
91 4
86 4
62 3
86 4
69 3
80 4
34 2
71 2
37 1
37 2
38 3
95 4
17 1
37 2
84 4
43 2
39 2
32 2
72 3
11 1
86 4
33 2
38 2
70 3
67 3
11 1
19 1
89 4
66 3
35 2
60 3
44 2
35 2
71 3
12 1
36 2
62 3
82 4
95 4
11 1
19 1
11 1
86 4
74 3
74 3
45 2
44 2
80 4
67 3
63 3
66 3
15 1
31 2
13 1
69 3
15 1
34 2
17 1
72 3
74 3
30 2
45 2
16 2
84 4
19 1
15 1
74 3
32 1
14 1
85 4
73 3
92 4
88 4
74 3
16 2
10 1
68 3
64 3
16 1
17 1
61 3
37 2
89 4
62 3
87 4
63 4
34 2
64 3
32 2
66 3
11 1
16 1
71 3
91 4
14 1
91 4
74 3
69 3
75 3
85 4
35 2
16 1
19 1
44 2
74 3
19 1
34 2
66 3
91 4
11 1
72 3
80 4
12 1
88 4
17 1
70 3
88 4
34 2
10 1
39 2
82 4
74 3
31 2
71 3
33 2
12 1
72 3
30 2
87 4
45 2
34 2
88 4
38 1
45 2
42 1
30 2
87 4
42 2
42 2
44 2
89 4
73 3
74 4
81 4
12 1
93 4
33 2
70 3
44 2
90 4
82 4
38 3
94 4
80 4
66 3
41 2
19 1
64 3
64 4
87 4
94 4
63 3
17 1
86 4
68 3
17 1
17 1
18 3
18 1
14 1
13 1
13 2
33 2
11 1
91 3
37 2
64 3
31 2
68 3
93 4
40 2
92 4
65 3
19 1
19 1
33 2
74 3
94 4
84 4
13 1
14 1
95 4
71 3
71 3
38 2
45 1
42 3
68 3
40 2
16 1
60 3
81 4
36 2
43 2
44 4
40 2
87 2
35 2
40 2
95 4
64 3
42 2
63 3
14 1
65 3
88 4
13 4
40 2
81 4
81 4
81 4
18 4
62 3
62 3
44 2
65 1
14 1
65 3
64 3
63 2
13 1
30 2
12 1
17 1
14 1
90 4
38 2
71 3
12 1
16 1
30 2
88 4
68 4
60 3
12 1
68 3
14 1
65 3
31 2
64 3
42 2
82 4
19 1
35 2
10 1
15 1
90 2
62 3
42 2
10 1
87 4
18 1
70 3
31 2
32 2
94 4
85 4
17 1
19 1
65 3
33 2
88 4
62 3
40 2
12 1
84 4
64 3
85 4
17 1
11 1
68 1
36 2
37 2
39 2
37 2
89 4
38 2
91 4
93 4
19 1
90 4
45 2
34 2
18 1
15 1
73 3
10 1
30 2
34 2
62 2
81 4
30 2
32 2
37 2
43 2
19 1
39 2
14 1
91 4
42 2
10 1
81 4
10 1
64 3
85 4
42 2
94 4
14 1
38 2
89 4
12 1
19 1
91 4
86 4
13 1
83 4
11 3
68 3
89 4
17 1
14 1
13 1
35 2
65 3
16 1
62 1
60 3
61 3
15 1
67 2
10 1
13 1
38 2
92 4
63 3
93 2
84 4
66 3
37 2
75 3
19 1
62 3
65 3
36 2
64 3
40 2
62 3
42 2
13 1
72 3
62 3
36 2
36 2
74 3
12 1
16 4
68 3
17 1
31 2
17 1
93 4
13 1
83 4
94 4
71 3
83 4
17 1
69 3
89 4
10 1
38 2
19 3
32 2
75 3
38 2
16 1
33 2
10 1
34 2
13 1
40 2
18 1
30 2
18 1
43 2
39 2
82 4
14 1
68 3
34 2
18 1
34 2
91 4
68 3
19 1
86 4
94 4
11 1
71 3
90 4
92 4
61 3
14 1
17 1
33 2
61 3
94 4
40 2
65 3
71 3
80 4
38 2
62 3
86 4
15 1
81 4
90 4
65 2
80 4
42 2
33 2
15 1
91 4
17 1
16 1
15 1
39 2
87 4
30 2
87 4
74 3
41 2
72 3
81 4
89 4
11 1
45 2
35 2
44 2
93 4
95 4
32 2
45 2
69 3
35 2
10 3
37 2
37 2
81 4
62 3
41 2
62 3
71 3
92 4
17 3
36 2
35 2
70 3
88 4
15 1
84 4
95 4
69 3
14 1
37 2
18 1
33 2
69 3
72 3
45 2
17 1
35 2
64 3
65 3
87 4
16 1
11 1
44 2
33 2
30 2
62 3
69 3
64 3
10 1
41 2
34 2
85 4
38 2
73 3
90 4
63 3
67 3
33 2
12 1
81 1
19 1
10 1
13 4
16 1
42 4
34 1
62 3
12 2
17 1
71 3
75 3
92 4
95 3
34 2
43 4
19 1
93 1
86 4
82 4
70 3
11 1
18 1
94 4
68 3
19 1
38 2
42 2
80 4
30 2
18 1
13 1
16 1
68 3
81 4
71 3
70 3
34 2
14 1
83 4
67 3
72 3
65 3
35 2
89 4
38 2
13 3
68 4
45 2
16 1
89 4
35 2
73 3
95 4
88 4
41 2
74 3
12 1
91 4
90 4
33 2
37 2
17 1
73 3
73 3
67 3
66 3
19 1
84 4
34 2
19 1
60 3
14 1
93 4
89 4
90 4
10 1
60 3
88 4
34 2
13 1
12 1
87 4
12 1
84 4
17 1
33 2
17 1
87 4
11 1
18 1
34 2
70 3
71 3
94 4
12 1
17 1
61 3
75 3
19 3
65 3
73 3
10 1
13 1
74 3
61 2
11 1
69 3
92 4
43 2
67 3
10 1
41 2
88 3
60 3
92 3
17 1
81 4
16 1
72 3
80 4
92 4
37 2
82 4
71 3
68 3
86 4
33 2
44 2
92 4
38 2
43 2
18 1
66 3
73 3
13 1
12 1
68 2
71 3
64 3
14 1
38 2
68 3
34 2
68 3
87 4
90 4
18 4
82 4
33 2
73 3
91 4
36 1
89 4
85 1
43 2
81 4
89 4
17 2
17 1
60 3
37 2
74 2
15 1
43 2
44 2
94 4
16 1
80 4
95 4
92 4
12 1
36 2
19 1
40 2
13 2
87 4
33 2
13 1
95 4
